              precision    recall  f1-score   support

     class 0       1.00      1.00      1.00       164
     class 1       0.81      0.99      0.89       148
     class 2       0.56      1.00      0.72       160
     class 3       1.00      0.93      0.97       164
     class 4       0.79      1.00      0.88       161
     class 5       1.00      0.80      0.89       164
     class 6       0.85      1.00      0.92       152
     class 7       0.96      0.86      0.91       164
     class 8       1.00      0.99      1.00       164
     class 9       0.74      1.00      0.85       144
    class 10       0.96      1.00      0.98       166
    class 11       1.00      0.98      0.99       164
    class 12       1.00      1.00      1.00       219
    class 13       1.00      1.00      1.00       164
    class 14       1.00      1.00      1.00       143
    class 15       1.00      1.00      1.00       166
    class 16       0.81      1.00      0.89       166
    class 17       1.00      0.89      0.94       152
    class 18       0.91      0.96      0.94       166
    class 19       0.58      1.00      0.74       150
    class 20       0.99      1.00      1.00       154
    class 21       0.98      1.00      0.99       166
    class 22       1.00      1.00      1.00       164
    class 23       0.90      0.34      0.49       164
    class 24       1.00      0.95      0.97       166
    class 25       0.83      1.00      0.91       234
    class 26       1.00      1.00      1.00       164
    class 27       1.00      1.00      1.00       246
    class 28       1.00      1.00      1.00       246
    class 29       1.00      1.00      1.00       164
    class 30       1.00      1.00      1.00       164
    class 31       1.00      1.00      1.00       164
    class 32       1.00      0.83      0.91       153
    class 33       1.00      0.99      1.00       166
    class 34       1.00      0.99      1.00       166
    class 35       0.89      0.72      0.80       150
    class 36       1.00      0.67      0.80       154
    class 37       1.00      1.00      1.00       130
    class 38       1.00      1.00      1.00       156
    class 39       1.00      1.00      1.00       166
    class 40       1.00      0.83      0.91       156
    class 41       1.00      1.00      1.00       234
    class 42       0.98      0.51      0.67        99
    class 43       0.89      1.00      0.94       166
    class 44       1.00      1.00      1.00       328
    class 45       0.95      1.00      0.98       164
    class 46       1.00      1.00      1.00       166
    class 47       1.00      1.00      1.00       166
    class 48       0.95      1.00      0.98       164
    class 49       1.00      1.00      1.00       158
    class 50       1.00      1.00      1.00       166
    class 51       1.00      1.00      1.00       164
    class 52       0.95      0.92      0.93       166
    class 53       0.98      1.00      0.99       157
    class 54       1.00      1.00      1.00       166
    class 55       1.00      1.00      1.00       166
    class 56       0.90      1.00      0.95       156
    class 57       0.98      1.00      0.99       157
    class 58       0.99      0.87      0.93       166
    class 59       0.87      1.00      0.93       164
    class 60       1.00      1.00      1.00       166
    class 61       1.00      1.00      1.00       166
    class 62       1.00      0.96      0.98       166
    class 63       1.00      1.00      1.00       166
    class 64       1.00      1.00      1.00       166
    class 65       1.00      0.66      0.80       142
    class 66       1.00      1.00      1.00       102
    class 67       1.00      0.90      0.95       166
    class 68       1.00      0.96      0.98       246
    class 69       1.00      0.88      0.94       164
    class 70       0.78      1.00      0.88       164
    class 71       1.00      1.00      1.00       160
    class 72       1.00      0.90      0.95       218
    class 73       0.95      0.91      0.93       178
    class 74       0.84      0.95      0.89       150
    class 75       1.00      1.00      1.00       155
    class 76       0.79      0.86      0.82       146
    class 77       1.00      1.00      1.00       160
    class 78       0.99      1.00      0.99       164
    class 79       1.00      1.00      1.00       166
    class 80       0.89      0.83      0.86       164
    class 81       1.00      1.00      1.00       246
    class 82       0.99      1.00      1.00       164
    class 83       0.69      0.99      0.82       164
    class 84       0.96      0.74      0.84       232
    class 85       0.96      0.97      0.96       166
    class 86       0.82      1.00      0.90       234
    class 87       1.00      0.99      1.00       102
    class 88       1.00      0.87      0.93       166
    class 89       1.00      1.00      1.00       222
    class 90       1.00      0.96      0.98       237
    class 91       1.00      0.57      0.72       166
    class 92       1.00      0.84      0.92       166
    class 93       0.81      0.97      0.88       148
    class 94       1.00      0.75      0.86       234
    class 95       1.00      1.00      1.00       222
    class 96       1.00      1.00      1.00       222
    class 97       1.00      1.00      1.00       164
    class 98       1.00      0.89      0.94       164
    class 99       0.99      0.99      0.99       166
   class 100       1.00      1.00      1.00       163
   class 101       1.00      1.00      1.00       166
   class 102       1.00      1.00      1.00       151
   class 103       1.00      1.00      1.00       142
   class 104       0.91      1.00      0.95       304
   class 105       1.00      0.69      0.82       164
   class 106       1.00      1.00      1.00       153
   class 107       0.84      0.85      0.84       150
   class 108       1.00      0.79      0.88       151
   class 109       0.76      0.44      0.56       150
   class 110       0.59      1.00      0.74       150
   class 111       1.00      1.00      1.00       166
   class 112       1.00      0.79      0.88       164
   class 113       1.00      1.00      1.00       166
   class 114       1.00      1.00      1.00       164
   class 115       1.00      1.00      1.00       162
   class 116       1.00      1.00      1.00       164
   class 117       1.00      0.99      0.99       246
   class 118       1.00      1.00      1.00       166
   class 119       1.00      0.90      0.95       166
   class 120       0.81      1.00      0.89       246
   class 121       1.00      1.00      1.00       225
   class 122       1.00      1.00      1.00       246
   class 123       1.00      1.00      1.00       160
   class 124       1.00      1.00      1.00       164
   class 125       1.00      1.00      1.00       228
   class 126       1.00      1.00      1.00       127
   class 127       1.00      1.00      1.00       153
   class 128       1.00      0.78      0.88       158
   class 129       0.97      1.00      0.98       249
   class 130       0.91      1.00      0.95       157

    accuracy                           0.95     22688
   macro avg       0.96      0.94      0.94     22688
weighted avg       0.96      0.95      0.95     22688
